[0.00394827 0.02075195 0.02539978 0.03928177 0.03995921 0.04309736
 0.04689632 0.06425106 0.07961309 0.08833981 0.09045935 0.09346037
 0.11398436 0.14217005 0.15115202 0.1650159  0.16911084 0.19806286
 0.19894754 0.22479665 0.24207588 0.25137413 0.26221566 0.29187607
 0.29279798 0.29596171 0.30070006 0.30087131 0.30306256 0.30545992
 0.31492687 0.31827281 0.31923609 0.32551164 0.33071931 0.33970784
 0.34634715 0.35165264 0.35718176 0.37334076 0.38411445 0.39252924
 0.41750914 0.42949218 0.43401399 0.44077382 0.44183317 0.45630455
 0.47513225 0.49504863 0.49850701 0.51219226 0.51313824 0.51346663
 0.51979699 0.52164715 0.53455795 0.54254437 0.54758616 0.55757819
 0.56550702 0.59020136 0.59737165 0.59783665 0.60103895 0.60557756
 0.61252607 0.61776698 0.62628715 0.63364823 0.63649114 0.65039718
 0.67413362 0.68535982 0.71457578 0.72175532 0.74880388 0.75464769
 0.76053071 0.76324059 0.77132064 0.7738303  0.8052232  0.81262096
 0.819287   0.82110566 0.82612284 0.82868133 0.8568503  0.87809664
 0.87991517 0.88393648 0.90283176 0.90864888 0.91777412 0.94426071
 0.95339335 0.97708073 0.97881915 0.98762547]